<?xml version="1.0"?>
<opencv_storage>
<q type_id="opencv-matrix">
  <rows>4</rows>
  <cols>4</cols>
  <dt>d</dt>
  <data>
    1. 0. 0. -3.5489238166809082e+02 0. 1. 0. -2.3725577926635742e+02 0.
    0. 0. 7.5483526611328125e+02 0. 0. 8.1393648320825154e-03 0.</data></q>
</opencv_storage>
