<?xml version="1.0"?>
<opencv_storage>
<Focal>1.8935321584935778e+02</Focal>
<xc>1.0614399999999999e+00</xc>
<yc>5.5550400000000000e-01</yc>
<zc>-1.9087400000000001e+00</zc>
<xo type_id="opencv-matrix">
  <rows>1</rows>
  <cols>1</cols>
  <dt>d</dt>
  <data>
    4.3249060176639979e+01</data></xo>
<yo type_id="opencv-matrix">
  <rows>1</rows>
  <cols>1</cols>
  <dt>d</dt>
  <data>
    3.0911999097917313e+01</data></yo>
<w>5.6867873136315872e+01</w>
<p>-2.9488970068154888e+01</p>
<k>1.6190490039793255e+02</k>
<k0>1.9999999999999999e-06</k0>
<k1>1.3815506030185332e-06</k1>
<k2>-1.2424981492453978e-11</k2>
</opencv_storage>
